min: -17.12298011779785
max: 20.625404357910156
